АЗП_обр.1940г. 0.025 0.000510 0.000117 1.752 0.157 0.231 1.03 
АЗП_обр.1939г. 0.037 0.001110 0.000263 2.089 0.215 0.237 1.03
ПТП_обр.1930г. 0.037 0.001640 0.000211 1.451 0.149 0.191 1.03
ПТП_обр.1937г. 0.045 0.001640 0.00051 1.694 0.278 0.3105 1.03
ПТП_обр.1942г. 0.045 0.002660 0.00051 2.709 0.278 0.3105 1.03
ПТП_обр.1943г. 0.057 0.002660 0.001979 3.507 0.439 0.742 1.03
ПТП_СД-57 0.057 0.002660 0.00236 3.507 0.494 0.886 1.03
АЗП_С-60 0.057 0.004630 0.00236 3.806 0.494 0.886 1.03
ЗП_обр.1931г. 0.0762 0.004690 0.002873 3.45 0.55 0.613 1.03
ТП_обр.1927/32г. 0.0762 0.004690 0.001451 0.868 0.262 0.309 1.06
П_Ф-22 0.0762 0.004690 0.001451 3.38 0.295 0.309 1.03
ГП_обр.1938г. 0.0762 0.004690 0.001035 1.224 0.209 0.221 1.06
П_УСВ 0.0762 0.004690 0.001452 2.688 0.295 0.309 1.04
ТП_Ф-32 0.0762 0.004690 0.001452 1.891 0.295 0.309 1.05
П_ЗИС-3 0.0762 0.004690 0.001451 2.688 0.295 0.309 1.03
П_ОБ-25 0.0762 0.004690 0.00036 1.315 0.075 0.0769 1.06
ТП_Д-56-ТС 0.0762 0.004630 0.00192 2.587 0.389 0.41 1.04
ТП_Д-56-ТМ 0.0762 0.004630 0.001452 2.688 0.295 0.309 1.04
ГП_2А2 0.0762 0.004690 0.001035 1.122 0.313 0.495 1.06
П_обр.1902г. 0.0762 0.004690 0.0017 1.894 0.294 0.362 1.05
ГП_обр.1909г. 0.0762 0.004690 0.000495 1.064 0.101 0.106 1.06
П_обр.1902/30г. 0.0762 0.004690 0.001451 1.89 0.294 0.309 1.05
ЗП_обр.1939г. 0.085 0.005830 0.00387 3.588 0.553 0.664 1.03
ТП_обр.1943г. 0.085 0.005830 0.00387 3.59 0.553 0.664 1.03
ЗП_обр.1944г. 0.085 0.005830 0.00387 4.65 0.553 0.664 1.03
ПТП_Д-44 0.085 0.005830 0.00387 3.59 0.553 0.664 1.03
ПТП_Д-48 0.085 0.005890 0.007985 4.95 0.642 1.365 1.03
П_БС-3 0.1 0.008180 0.007985 4.737 0.607 0.966 1.03
МП_Б-54_А 0.1 0.008180 0.007985 4.78 0.57 0.977 1.03
ЗП_КС-19 0.1 0.008180 0.00784 4.67 0.874 0.959 1.03
ТП_Д-10Т-2с 0.1 0.008180 0.007985 4.743 0.607 0.975 1.03
ПТП_Т-12 0.1 0.007860 0.0097 5.7 0.915 1.23 1.03
П_М-60 0.1067 0.009160 0.00713 3.78 0.683 0.778 1.04
П_обр.1910г. 0.1067 0.009180 0.0034 2.477 0.363 0.37 1.05
П_обр.1910/30г. 0.1067 0.009180 0.00454 3.42 0.486 0.494 1.04
ТП_У5-ТС 0.115 0.010400 0.011 4.63 0.723 1.06 1.03
ТП_Д-68 0.115 0.010400 0.011 3.9 0.723 1.06 1.03
ТП_Д-68 0.115 0.010400 0.00922 4.6 0.723 0.886 1.03
П_А-19 0.122 0.011960 0.00922 4.698 0.778 0.855 1.03
Г_обр.1909/37г. 0.122 0.011960 0.01023 1.39 0.17 0.193 1.06
ТП_обр.1943г. 0.122 0.011960 0.00231 4.453 0.85 0.856 1.03
СП_обр.1931/44г. 0.122 0.011960 0.01023 4.698 0.778 0.856 1.03
Г_М-30 0.122 0.011960 0.00359 2.392 0.276 0.3 1.06
П_Д-74 0.122 0.012220 0.0139 4.934 0.752 1.137 1.03
Г_Д-30 0.122 0.011960 0.00685 4.011 0.482 0.573 1.04
ТП_М-62-Т2 0.122 0.012220 0.01381 4.77 0.9 1.135 1.03
Г_обр.1909г.(122) 0.122 0.011960 0.00231 1.39 0.17 0.193 1.06
Г__обр.1910/30г. 0.122 0.011960 0.00222 1.26 0.174 0.22 1.06
ТП_Д-81 0.125 0.012250 0.0125 4.2 0.84 1.02 1.03
П_М-46 0.13 0.013940 0.01858 5.952 0.99 1.33 1.03
ЗП_КС-30 0.13 0.013940 0.0193 6.714 0.936 1.38 1.03
МП_Б-28 0.13 0.013940 0.0175 5.65 0.65 1.26 1.03
ГП_МЛ-20 0.1524 0.018750 0.012505 3.59 0.643 0.667 1.05
П_БР-2 0.1524 0.019230 0.027 5.877 1.06 1.4 1.03
Г_М-10 0.1524 0.018750 0.00594 3.23 0.293 0.316 1.06
МП_Б-38 0.1524 0.018750 0.0327 7.94 0.51 1.74 1.03
Г_Д-1 0.1524 0.018750 0.0059 3.23 0.293 0.314 1.05
Г-П_обр.1937/43г. 0.1524 0.018750 0.012505 3.59 0.643 0.667 1.05
ПГ_Д-20 0.1524 0.018750 0.012505 3.59 0.643 0.667 1.05
П_М-47 0.1524 0.018750 0.01727 5.577 0.88 0.92 1.03
Г_обр.1909г.(152) 0.1524 0.018750 0.00433 1.809 0.214 0.237 1.06
Г_обр.1909/30г. 0.1524 0.018750 0.00433 1.809 0.214 0.237 1.06
МП_Б-1-К 0.18 0.026200 0.0623 8.79 1.61 2.37 1.03
Г_Б-4 0.2032 0.033210 0.0277 4.165 0.639 0.836 1.06
П_Бр-17 0.21 0.035300 0.072 8.175 1.829 2.048 1.03
Мр_Бр-5 0.2794 0.062400 0.0188 4.228 0.245 0.3 1.06
Мр_обр.1914/15г. 0.2794 0.062400 0.0226 3.12 0.351 0.362 1.06
Г_БР-18 0.3048 0.074000 0.0678 5.405 0.763 0.916 1.06
МП_Б-50 0.3048 0.074000 0.26 14.01 1.74 3.51 1.03
Г_обр.1915г. 0.3048 0.074000 0.068 5 0.78 0.92 1.06