Сф_033 1600 1047000 3000 70000 0.001039 0.236 1.972 0.188 0.597 0.000 1.014 -0.298 0.000 0.0003 0.0016
В_Уфл 1600 1005000 2873 60000 0.001030 0.234 2.494 0.369 0.160 0.000 0.441 -0.079 0.000 0.0003 0.0016
ДРП 1700 260000 2427 10000 0.000600 0.220 1.000 2.500 -0.600 0.000 0.000 0.000 0.000 0.0003 0.0016
П125 1450 1010000 3025 62000 0.001000 0.235 1.000 1.655 -0.395 0.000 0.000 0.000 0.000 0.0003 0.0016
П200 1450 1051600 3025 35000 0.001016 0.230 1.000 1.624 -0.382 0.000 0.000 0.000 0.000 0.0003 0.0016
ВТ 1600 996000 2820 60000 0.001034 0.235 2.468 0.405 0.000 0.000 0.405 0.000 0.000 0.0003 0.0016
ВТМ 1600 1011000 2930 230000 0.001017 0.236 1.000 1.094 -0.086 0.000 0.000 0.000 0.000 0.0003 0.0016
ВТХ-10 1600 882000 2440 270000 0.001027 0.256 1.000 1.086 -0.080 0.000 0.000 0.000 0.000 0.0007 0.0022
ВТХ-20 1600 771000 1875 390000 0.000971 0.286 1.000 1.086 -0.080 0.000 0.000 0.000 0.000 0.0007 0.0022
5/1 1600 1009000 2930 250000 0.001005 0.223 1.000 1.062 -0.058 0.000 0.000 0.000 0.000 0.0003 0.0016
4/1 1600 1014000 2970 300000 0.001007 0.221 1.000 1.070 -0.066 0.000 0.000 0.000 0.000 0 0.0016
4/1_фл 1600 1006000 2874 260000 0.001026 0.233 1.525 0.535 0.227 0.000 0.713 -0.165 0.000 0.003 0.0016
4/7 1600 1027000 3006 320000 0.001008 0.228 1.488 0.811 0.081 0.000 0.505 -1.024 0.000 0.0003 0.0016
4/7_Ц_гр 1600 988000 2736 260000 0.001053 0.240 1.616 0.346 1.165 0.000 0.815 0.812 0.000 0.0003 0.0016
5/7_св 1600 1014000 2930 350000 0.001015 0.229 1.509 0.805 0.802 0.000 0.505 -0.982 0.000 0.0003 0.0016
5/7_н/а 1600 968000 2733 320000 0.001034 0.236 1.502 0.773 0.121 0.000 0.522 -0.977 0.000 0.0003 0.0016
5/7_Ц_фл 1600 924000 2450 400000 0.001098 0.254 1.504 0.606 0.419 0.000 0.556 -0.993 0.000 0.0003 0.0016
6/7_гр 1600 1015000 2923 500000 0.001020 0.231 1.498 0.794 0.098 0.000 0.513 -1.004 0.000 0.0003 0.0016
6/7_Бп_гр 1600 960000 2620 560000 0.001069 0.245 1.461 0.759 0.156 0.000 0.539 -1.084 0.000 0.0003 0.0016
6/7_фл 1600 1014000 2910 400000 0.001025 0.232 1.504 0.606 0.410 0.000 0.556 -0.993 0.000 0.0003 0.0016
6/7_фл_ВБП 1600 980000 2704 370000 0.001056 0.241 1.500 0.468 0.801 0.000 0.625 -1.000 0.000 0.0003 0.0016
6/7_П-5_БП_фл 1600 988000 2800 330000 0.001038 0.236 1.530 0.233 2.260 0.000 0.835 -0.943 0.000 0.0003 0.0016
ВТ_Д-25 1600 627000 1625 450000 0.000941 0.310 1.000 1.086 -0.080 0.000 0.000 0.000 0.000 0.0003 0.0016
7/7 1600 1006000 2900 500000 0.001010 0.224 1.607 0.769 0.101 0.000 0.506 -0.823 0.000 0.0003 0.0016
7/14 1600 1021000 2962 470000 0.001013 0.229 1.460 0.581 0.289 0.000 1.091 1.087 0.000 0.0003 0.0016
5/1_Х-10 1600 882000 2440 500000 0.001026 0.257 1.000 1.045 -0.043 0.000 0.000 0.000 0.000 0.0003 0.0016
7/1 1600 1009000 2930 500000 0.001010 0.223 1.000 1.059 -0.056 0.000 0.000 0.000 0.000 0.0003 0.0016
8/7 1600 338000 2855 580000 0.001015 0.227 1.504 0.783 0.170 0.000 0.542 -0.993 0.000 0.0003 0.0016
8/1_уг 1600 331000 1685 1020000 0.000534 0.198 1.000 1.079 -0.073 0.000 0.000 0.000 0.000 0.0007 0.003
9/7 1600 998000 2855 680000 0.001015 0.227 1.526 0.724 0.133 0.000 0.545 -0.714 0.000 0.0003 0.0016
9/7_мн 1600 963000 2690 760000 0.001045 0.237 1.523 0.725 0.182 0.000 0.545 -0.956 0.000 0.0003 0.0016
9/7_бп 1600 911000 2410 940000 0.001090 0.253 1.490 0.750 0.156 0.000 0.537 -1.009 0.000 0.0003 0.0016
8/1_тр 1600 998000 2850 740000 0.001017 0.227 1.000 1.002 -0.002 0.000 0.000 0.000 0.000 0.0003 0.0016
11/7 1600 998000 2855 680000 0.001015 0.227 1.536 0.715 0.194 0.000 0.549 -0.933 0.000 0.0003 0.0016
12/7 1600 1004000 2890 810000 0.001013 0.226 1.522 0.725 0.183 0.000 0.546 -0.957 0.000 0.0003 0.0016
14/1_тр_в/а 1600 1019000 2935 840000 0.001008 0.224 1.000 1.000 0.000 0.000 0.000 0.000 0.000 0.00025 0.0016
14/7 1600 1000000 2865 960000 0.001015 0.227 1.535 0.728 0.174 0.000 0.541 -0.934 0.000 0.0003 0.0016
12/1_тр 1600 998000 2850 870000 0.001017 0.227 1.000 1.000 0.000 0.000 0.000 0.000 0.000 0.0003 0.0016
15/1_тр_в/а 1600 1019000 2970 910000 0.001005 0.222 1.000 1.000 0.000 0.000 0.000 0.000 0.000 0.00025 0.0016
15/7 1600 1010000 2915 930000 0.001010 0.225 1.541 0.730 0.170 0.000 0.539 -0.924 0.000 0.0003 0.0016
16/1_тр 1600 1004000 2895 1130000 0.001012 0.225 1.000 1.000 0.000 0.000 0.000 0.000 0.000 0.0003 0.0016
16/1_тр_в/а 1600 1015000 2940 1040000 0.001009 0.224 1.000 1.000 0.000 0.000 0.000 0.000 0.000 0.00025 0.0016
17/7 1600 1000000 2870 1160000 0.001016 0.227 1.533 0.753 0.141 0.000 0.529 -0.937 0.000 0.0003 0.0016
18/1_тр 1600 1008000 2935 1100000 0.001006 0.223 1.000 1.000 0.000 0.000 0.000 0.000 0.000 0.0003 0.0016
22/7 1600 983000 2755 1530000 0.001029 0.232 1.501 0.749 0.155 0.000 0.537 -0.997 0.000 0.0003 0.0016
ДГ-314/1 1520 968000 2505 1150000 0.001113 0.250 1.000 1.000 0.000 0.000 0.000 0.000 0.000 0.0004 0.0022
МАП_23/1 1650 1259000 3300 1180000 0.001120 0.257 1.000 1.000 0.000 0.000 0.000 0.000 0.000 0.0003 0.0016
НДТ-3_16/1 1540 961000 2525 1290000 0.001131 0.255 1.000 1.000 0.000 0.000 0.000 0.000 0.000 0.0004 0.0022
УГ-1 1600 391000 1695 1350000 0.000534 0.197 1.000 1.000 0.000 0.000 0.000 0.000 0.000 0.0007 0.003
УГФ_8/1 1600 771000 1875 395000 0.000971 0.286 1.000 1.086 0.080 0.000 0.000 0.000 0.000 0.0007 0.003
УГФ 1600 401000 1795 1340000 0.000540 0.191 1.000 1.000 0.000 0.000 0.000 0.000 0.000 0.0007 0.003
НДТ-3_18/1 1540 961000 2525 1460000 0.001131 0.255 1.000 1.000 0.000 0.000 0.000 0.000 0.000 0.0004 0.0022
ДГ-217/1 1520 933000 2370 1520000 0.001133 0.255 1.000 1.000 0.000 0.000 0.000 0.000 0.000 0.00044 0.0022
НДТ-3_19/1 1540 961000 2525 1540000 0.001131 0.255 1.000 1.000 0.000 0.000 0.000 0.000 0.000 0.0004 0.0022
ДГ-3_19/1 1520 987000 2505 1780000 0.001113 0.250 1.000 1.000 0.000 0.000 0.000 0.000 0.000 0.00041 0.0022
ДГ-3_20/1 1520 968000 2505 1640000 0.001113 0.250 1.000 1.000 0.000 0.000 0.000 0.000 0.000 0.0004 0.0022
НДТ-2_19/1 1540 922000 2370 1690000 0.001156 0.262 1.000 1.000 0.000 0.000 0.000 0.000 0.000 0.0004 0.0022
ДГ-3_23/1 1520 968000 2505 1890000 0.001113 0.250 1.000 1.000 0.000 0.000 0.000 0.000 0.000 0.0004 0.0022
НДТ-2_25/1 1540 922000 2370 2230000 0.001156 0.262 1.000 1.000 0.000 0.000 0.000 0.000 0.000 0.00044 0.0022
37/1_тр 1600 994000 2850 2480000 0.001019 0.228 1.000 1.000 0.000 0.000 0.000 0.000 0.000 0.0003 0.0016
НДТ-3_32/1 1540 961000 2525 2590000 0.001131 0.255 1.000 1.000 0.000 0.000 0.000 0.000 0.000 0.0004 0.0022
НБ 1520 1164000 3645 0 0.000953 0.209 1.000 1.000 0.000 0.000 0.000 0.000 0.000 0.0003 0.0022
АПЦ-235П_16Л 1630 1101000 3060 1140000 0.001020 0.250 1.000 1.000 0.000 0.000 0.000 0.000 0.000 0.0003 0.0022
СГ 1600 544000 1300 0 0.001325 0.334 1.000 1.000 0.000 0.000 0.000 0.000 0.000 0.001 0.003
Свинц._провол. 11350 0 300 100000 0.000000 0.300 1.000 1.000 0.000 0.000 0.000 0.000 0.000 0 0
Инерт._добав. 1600 0 300 100000 0.000000 0.200 1.000 1.000 0.000 0.000 0.000 0.000 0.000 0 0
Фл-тор 1600 -1176000 -3000 0 0.001160 0.300 1.000 1.000 0.000 0.000 0.000 0.000 0.000 0.0005 0.0022